351
244
191
494
25
551
280
270
207
659
351
340
704
96
793
918
578
4
29
828
149
552
262
554
68
3
859
897
409
189
661
925
422
295
229
796
447
373
988
277
80
438
459
217
124
360
681
667
718
455
534
509
778
327
669
417
460
859
218
769
338
523
487
217
625
340
990
685
434
293
391
443
213
924
271
777
817
66
288
635
418
3
601
255
239
745
886
466
497
844
524
251
785
45
2
563
895
390
81
84
600
752
625
294
111
517
566
691
403
944
87
111
531
793
891
236
16
328
649
284
739
670
286
166
202
623
10
557
990
463
917
571
537
547
476
687
226
566
653
590
69
233
990
738
313
992
692
269
390
803
565
566
641
621
4
631
320
56
298
448
175
943
2
330
409
369
805
127
425
648
716
680
948
953
601
688
744
801
105
178
158
328
565
439
413
744
800
420
826
998
840
616
768
735
165
589
97
912
162
311
711
955
665
2
584
248
238
813
742
633
381
971
1000
32
518
220
8
894
978
984
640
936
380
155
369
982
581
226
457
630
793
817
864
226
45
977
74
702
657
372
537
784
675
506
840
243
533
413
309
946
790
661
88
65
783
234
277
501
188
908
21
304
432
37
734
987
179
965
958
90
792
982
718
103
138
720
826
155
465
635
636
893
253
553
660
476
771
111
194
795
401
857
896
213
242
961
772
269
923
318
543
431
446
841
301
117
325
214
391
921
879
69
954
849
698
167
966
528
60
510
337
204
798
44
623
155
616
9
687
381
641
296
506
627
602
100
575
667
325
152
955
730
619
594
298
551
668
602
900
636
605
7
648
15
614
920
110
878
198
392
751
310
528
443
948
375
711
30
532
185
784
945
199
426
873
347
123
478
306
66
317
962
82
659
920
878
745
160
693
856
467
937
346
990
459
820
473
9
394
384
979
740
915
445
643
972
504
308
50
40
994
960
422
452
968
418
866
219
473
575
227
243
975
193
96
769
427
915
538
703
128
160
902
632
580
726
891
272
910
527
90
34
477
384
662
710
788
702
769
737
248
933
118
619
541
288
613
108
97
817
352
73
792
51
986
974
479
728
817
556
132
338
313
372
487
319
78
363
158
813
708
256
27
711
158
152
484
389
933
602
538
945
573
627
348
405
191
509
31
939
148
709
722
839
846
221
498
558
441
180
523
217
561
747
659
909
247
858
769
90
289
560
225
282
406
90
310
595
355
967
785
702
990
710
590
797
382
527
951
832
308
427
803
987
124
413
18
145
533
8
483
743
192
711
140
3
368
305
260
177
698
116
565
50
860
948
660
277
987
625
604
406
49
560
67
61
515
434
74
780
910
401
888
747
279
710
213
843
651
887
781
215
127
414
543
418
449
780
543
843
786
847
390
800
765
738
19
139
152
189
743
764
163
491
324
640
168
863
580
272
472
201
753
585
878
49
490
778
191
599
346
390
394
846
596
794
745
545
516
30
611
822
110
807
177
297
392
337
42
147
331
233
137
815
395
642
368
5
940
352
351
212
262
460
522
111
89
863
796
330
679
413
580
493
899
825
858
615
144
2
454
648
457
196
999
387
704
564
166
608
302
675
412
966
568
152
66
594
60
955
83
165
293
844
982
399
605
646
660
470
235
866
500
815
289
932
771
585
422
462
850
816
195
352
17
479
530
612
41
675
184
478
973
891
398
756
861
398
21
96
845
235
585
285
794
477
674
848
260
226
128
837
934
781
441
105
187
417
858
824
119
613
461
630
551
58
958
253
411
641
393
889
532
186
290
646
272
322
473
130
205
296
759
765
780
72
522
350
339
442
546
494
374
801
711
787
5
574
355
489
262
342
274
120
225
767
727
35
718
782
400
957
533
775
533
625
338
856
19
879
450
805
499
321
66
220
428
195
930
561
43
874
93
82
685
421
945
602
749
487
948
761
618
454
958
246
118
172
152
419
445
683
542
916
793
493
613
334
239
995
82
699
324
136
209
401
341
836
185
853
766
161
736
726
981
386
850
765
818
894
855
689
701
569
892
586
682
889
439
591
751
254
566
882
744
366
903
921
566
587
255
437
526
151
632
335
142
303
425
53
957
752
660
287
379
444
312
401
631
861
634
390
879
940
364
846
176
962
476
271
795
736
120
376
417
364
816
354
47
102
108
895
955
555
337
802
925
604
60
106
10
287
122
785
692
65
691
661
469
701
312
88
742
123
787
879
96
406
763
869
60
134
906
300
577
651
191
510
860
140
451
52
13
738
400
383
391
203
404
27
88
638
838
106
466
300
718
375
882
80
415
448
550
96
382
931
384
867
533
931
263
542
26
567
745
376
526
549
258
393
213
587
399
58
982
826
701
880
867
30
427
237
625
652
325
634
179
637
385
807
38
56
145
287
182
500
72
915
402
269
928
10
876
935
744
975
567
621
609
314
256
669
159
852
79
244
702
850
846
188
703
435
598
194
39
126
244
874
174
51
412
482
485
418
169
715
279
75
445
780
807
533
848
663
870
962
163
620
913
733
946
372
425
771
556
944
621
829
762
843
621
497
655
589
194
944
880
478
560
573
681
210
114
386
341
679
217
858
51
231
576
125
645
601
704
773
975
559
680
404
606
133
559
433
942
176
343
80
577
704
363
521
243
774
27
927
455
751
687
782
779
823
151
383
904
182
672
517
807
797
869
783
137
537
452
811
682
936
216
687
544
886
89
453
565
748
736
53
554
674
214
129
263
605
503
259
382
298
22
34
219
795
428
366
157
112
978
978
91
66
486
484
154
775
368
208
656
688
524
898
741
549
336
844
279
687
885
229
577
310
965
608
56
982
578
114
683
922
789
613
857
979
910
896
614
614
446
470
992
898
224
308
489
776
564
677
859
351
44
508
296
201
897
519
37
50
720
917
980
84
136
792
50
246
565
708
724
112
896
819
911
286
716
712
194
882
153
934
703
558
520
35
839
801
415
335
428
62
424
236
660
661
800
295
797
330
913
40
919
570
309
698
177
511
581
42
139
26
721
70
734
242
714
564
189
633
253
219
537
949
586
579
678
325
765
968
898
500
645
860
254
499
636
967
222
318
53
885
943
679
706
792
811
123
904
244
648
679
453
139
578
98
734
690
601
219
770
884
909
446
560
837
214
20
601
746
312
571
370
301
986
387
351
384
858
179
348
469
640
74
859
243
761
130
735
734
61
933
921
363
646
608
659
496
405
43
678
877
431
846
605
103
904
327
450
746
619
647
743
188
871
893
10
885
826
66
256
999
223
629
5
370
82
667
902
495
563
816
4
811
703
400
242
559
505
375
14
422
842
820
608
881
241
529
530
317
92
782
713
383
606
512
819
364
102
786
221
822
937
463
152
220
187
542
178
98
90
49
116
238
845
996
861
826
760
736
992
128
831
163
307
114
801
98
938
668
894
788
132
854
614
534
556
889
121
279
311
919
504
66
658
389
274
51
590
409
983
913
715
690
567
782
290
700
298
203
300
333
219
127
54
645
510
694
810
762
510
361
474
665
663
398
241
164
266
520
976
876
952
121
238
110
210
656
869
394
460
142
112
336
200
507
531
801
598
739
277
8
267
504
822
900
717
40
997
631
564
157
24
337
721
959
873
395
717
522
974
665
948
727
290
361
994
883
804
670
31
521
687
281
240
919
48
838
689
204
646
173
918
588
471
694
691
695
758
25
374
569
225
588
858
205
64
895
184
525
300
411
588
297
281
630
529
431
242
270
735
681
60
816
235
212
746
285
118
638
302
701
767
808
790
450
98
333
291
552
430
69
864
200
414
982
950
848
121
172
907
680
343
872
272
634
859
227
457
849
34
935
776
72
1000
987
9
583
781
45
841
440
658
717
602
457
965
80
66
426
805
102
754
24
308
582
56
457
731
549
677
613
981
791
309
64
242
457
339
710
919
715
340
81
426
603
575
652
27
949
863
920
219
979
75
508
999
111
248
145
526
111
182
19
981
438
580
395
828
597
213
470
391
216
823
38
772
701
675
494
723
16
306
205
370
983
904
450
186
811
257
617
500
438
559
591
152
668
344
924
215
442
508
800
138
23
798
688
411
860
636
768
343
871
961
697
280
976
318
138
365
421
139
903
251
624
482
939
19
266
668
546
241
938
544
590
146
936
803
837
17
876
30
261
197
631
845
673
39
113
145
568
640
683
134
873
38
300
884
266
884
854
395
984
210
378
565
604
34
133
753
804
43
360
819
928
717
626
30
271
625
284
770
530
421
713
129
525
122
910
271
144
777
208
717
831
679
276
990
613
633
742
616
36
928
763
319
780
562
96
348
943
404
753
15
447
297
644
566
283
376
236
900
425
810
727
71
959
279
14
758
439
809
375
699
372
870
645
17
52
695
839
536
612
614
307
979
136
473
915
161
582
71
695
229
283
306
234
543
75
104
125
96
492
590
813
48
213
213
934
793
766
480
754
918
904
570
349
385
138
187
442
738
213
24
348
979
502
40
280
276
190
661
459
173
98
978
1000
744
558
554
710
457
480
579
90
396
700
736
656
172
982
421
289
571
424
240
743
983
261
737
664
851
406
379
99
93
170
863
189
191
259
522
661
22
122
894
816
642
361
290
720
688
294
166
479
603
128
46
665
618
877
358
879
379
970
514
640
127
613
369
636
263
90
475
507
271
720
823
377
439
492
124
382
923
644
555
918
884
218
907
663
417
642
924
433
313
740
58
370
166
90
514
729
179
797
457
721
724
549
279
135
194
693
978
311
234
374
271
60
10
57
752
987
54
820
968
386
978
343
449
784
963
120
814
969
514
817
69
420
928
234
811
509
477
768
683
744
776
246
766
936
994
110
883
536
917
297
678
888
224
801
944
434
633
577
491
579
19
972
450
277
18
949
739
573
183
271
335
144
334
202
807
960
512
962
36
731
70
662
566
807
47
319
274
169
645
891
862
891
386
290
35
142
587
221
902
480
255
516
132
473
816
520
178
834
513
772
298
610
451
213
84
467
167
611
615
857
179
167
251
332
742
289
59
509
767
990
716
111
523
558
490
304
791
849
804
877
651
49
364
457
44
141
101
733
16
365
171
708
166
50
544
285
720
420
962
725
693
482
403
541
439
944
158
4
532
978
549
518
704
942
932
854
21
722
471
366
76
67
816
733
289
228
153
807
772
656
269
465
563
987
708
837
585
342
413
403
988
399
202
747
129
285
636
638
95
793
748
898
174
982
635
491
394
433
427
774
148
559
428
147
273
755
542
518
72
134
579
50
200
236
197
246
105
821
518
227
331
501
144
807
979
307
117
845
775
159
232
98
270
229
945
368
492
568
931
997
672
89
325
161
958
995
805
896
390
993
818
79
268
861
827
268
412
260
510
960
787
368
680
890
913
506
223
389
408
555
218
58
344
49
447
789
869
725
794
820
543
473
112
886
444
99
684
647
37
867
638
514
514
680
179
336
564
820
27
218
415
596
561
687
118
296
593
438
957
105
159
234
521
320
344
869
917
158
612
949
432
179
112
937
86
663
728
52
647
660
395
912
714
985
837
558
1000
181
716
750
709
708
565
211
768
265
455
552
932
894
469
648
717
444
601
845
623
497
561
894
968
862
533
242
123
611
475
928
802
903
370
470
796
256
815
714
866
63
117
258
778
941
373
725
376
473
269
106
817
547
968
998
327
915
947
452
936
810
974
794
327
246
546
693
857
969
323
685
751
721
740
181
351
551
893
269
406
613
925
808
505
604
623
923
213
319
833
805
801
740
102
537
53
886
636
148
579
274
295
237
81
277
406
597
788
452
939
343
709
832
998
37
459
208
163
870
601
970
777
353
94
235
209
278
477
953
208
666
490
593
78
328
3
723
723
810
401
290
806
804
162
201
697
337
421
636
103
9
286
845
225
281
622
263
784
503
995
782
759
995
557
18
333
635
187
550
789
527
931
890
829
425
792
34
761
726
997
317
472
741
761
307
537
155
953
355
162
238
419
681
924
341
375
402
160
381
442
710
512
755
581
16
451
777
690
704
533
732
994
902
390
626
725
751
768
245
140
715
384
407
493
48
793
671
466
320
221
82
615
205
535
392
493
715
863
245
328
855
84
279
68
986
19
461
852
596
560
951
123
440
952
754
97
639
302
21
608
966
29
845
566
209
165
532
489
775
679
302
777
496
479
588
603
758
492
594
698
573
54
581
694
550
632
417
916
85
612
235
666
473
548
116
281
128
146
370
45
416
207
799
881
749
289
409
301
697
860
442
441
405
256
416
83
908
358
727
715
407
417
584
530
585
44
938
527
234
355
877
584
254
231
61
134
215
266
796
666
143
643
674
827
134
997
25
198
308
247
829
364
773
626
895
304
682
998
899
501
182
598
820
153
149
574
556
21
962
196
418
197
241
266
488
489
485
611
140
722
230
404
494
600
525
926
971
557
705
842
380
102
115
506
506
145
936
504
898
972
395
470
232
950
210
130
394
276
843
89
979
480
817
652
683
310
430
696
194
296
687
705
870
371
112
160
942
823
66
538
638
662
788
188
918
28
669
941
74
10
346
301
157
792
614
346
227
866
419
881
657
178
141
841
688
145
101
943
180
38
818
802
411
329
466
426
917
948
79
572
514
849
593
302
724
614
543
370
829
383
635
846
883
509
639
674
501
982
397
863
864
167
733
566
822
500
739
303
605
618
89
944
1000
89
130
753
147
473
269
780
152
172
268
132
152
158
365
154
756
934
319
279
531
968
239
321
611
592
12
766
614
69
41
91
96
40
353
355
128
785
83
393
651
238
480
390
894
468
487
753
699
876
344
948
968
427
574
680
93
20
826
830
722
743
457
77
534
265
850
260
905
174
221
541
82
111
389
884
540
332
768
971
510
746
621
250
369
591
22
745
57
872
924
979
519
840
178
300
22
48
644
349
405
513
579
864
559
869
322
976
699
564
901
711
964
412
193
158
500
929
680
786
844
960
181
430
459
159
185
195
696
223
265
317
817
434
922
971
556
265
248
651
223
110
278
678
392
837
116
387
868
466
47
331
459
894
440
157
754
161
411
116
69
469
268
759
155
93
720
650
883
268
580
472
205
588
931
94
712
823
895
457
244
726
933
753
939
969
348
482
215
804
388
656
311
23
656
83
882
408
428
752
156
615
563
584
995
44
722
219
588
103
512
675
57
943
366
458
378
972
538
519
763
77
864
200
319
975
548
46
375
447
839
936
737
313
652
32
141
878
914
843
858
578
695
929
771
150
233
277
868
7
305
166
394
402
73
581
133
853
186
115
2
183
753
385
116
585
236
535
221
698
973
169
467
540
925
551
478
234
786
229
919
153
140
972
207
679
940
599
605
95
30
508
163
875
732
273
386
924
788
911
241
673
661
403
252
122
200
163
548
430
400
26
745
565
965
409
573
982
238
259
519
63
837
199
492
17
621
495
948
92
608
452
992
147
778
981
583
855
991
924
468
718
602
43
412
50
592
87
564
888
75
496
602
10
393
757
261
76
141
277
110
110
110
353
760
598
486
434
115
12
676
674
460
742
968
351
920
725
850
455
637
853
891
233
200
924
10
296
951
37
118
243
712
690
567
272
906
688
722
304
920
853
892
555
752
559
404
268
142
857
284
347
762
912
562
410
98
285
171
973
796
573
742
622
440
977
881
366
505
632
742
547
791
321
437
426
910
896
824
816
362
624
957
417
888
811
980
959
792
170
332
278
593
111
1000
370
40
796
927
767
335
844
218
814
953
197
931
434
310
736
816
869
745
782
266
276
66
740
507
327
981
772
771
536
552
278
508
164
666
214
744
439
825
708
820
232
523
779
618
425
892
50
260
969
647
735
463
848
126
206
181
207
586
39
985
689
627
916
549
61
596
742
823
89
829
613
997
892
2
997
152
471
29
359
564
246
844
203
155
698
470
393
18
899
884
416
683
50
123
696
256
781
174
359
832
967
220
177
307
989
790
199
792
412
761
827
931
121
636
577
164
491
821
629
50
679
954
82
221
396
637
150
769
223
287
707
593
87
87
644
938
74
791
298
942
351
186
988
114
241
630
681
82
322
899
387
741
452
415
52
99
983
957
606
638
219
665
662
466
470
262
466
912
703
587
519
412
258
165
485
814
916
877
539
555
928
615
581
428
835
115
201
845
997
556
238
240
854
953
171
141
976
911
685
233
877
797
347
157
637
449
192
523
187
898
244
962
816
685
365
666
201
687
998
146
727
65
235
806
185
70
17
658
702
303
455
588
769
990
545
853
81
999
62
974
374
118
491
401
222
148
289
813
347
253
927
719
882
843
317
91
95
848
672
704
735
834
532
276
23
941
760
159
611
684
275
976
116
713
786
891
398
569
529
524
303
378
618
520
482
436
85
149
983
733
174
801
449
388
899
973
266
330
307
172
450
810
33
150
86
660
208
281
105
364
854
4
103
34
419
405
777
845
909
983
750
676
483
752
729
950
583
537
613
920
25
52
604
126
620
915
274
367
385
281
405
242
275
806
364
457
885
572
66
543
144
547
640
512
53
751
900
7
916
53
697
436
500
9
754
508
637
249
896
771
649
764
492
79
376
138
335
371
727
334
106
585
865
215
520
112
422
319
951
513
94
318
122
206
484
300
39
320
703
969
185
791
462
843
168
695
251
683
186
467
83
283
734
855
877
776
523
364
506
818
734
675
13
219
959
417
953
530
980
986
270
636
547
225
957
663
919
156
427
10
416
769
261
716
539
407
359
3
739
255
812
622
294
303
804
707
626
339
334
416
463
238
930
853
485
757
329
754
43
672
113
564
571
156
983
147
906
35
572
627
873
806
964
709
502
414
328
868
859
782
530
364
479
430
510
304
715
215
744
565
641
377
341
410
508
890
302
139
610
709
87
477
745
407
265
566
526
827
682
841
103
697
585
662
435
130
287
401
33
877
620
389
723
143
288
55
572
298
769
788
722
18
418
711
366
159
788
404
706
961
971
568
550
474
33
558
854
403
629
980
454
525
439
148
357
896
258
414
856
97
127
537
657
66
91
829
749
846
697
500
251
819
648
203
455
784
106
377
859
238
986
931
472
350
672
304
60
755
693
899
263
6
991
304
799
590
721
800
206
715
201
856
288
895
682
822
42
127
722
420
530
341
889
806
187
190
793
270
335
332
677
451
398
979
849
535
894
346
222
907
298
283
634
580
263
885
651
274
772
334
499
236
575
561
879
566
205
373
397
875
394
665
853
144
597
196
389
224
183
101
924
208
694
671
921
224
704
194
858
240
367
593
268
552
491
376
315
628
968
248
127
727
618
69
552
128
939
369
502
190
671
471
213
315
200
127
840
354
917
781
542
683
577
778
753
557
638
328
694
590
572
935
284
426
360
193
279
458
220
971
545
99
409
984
748
684
413
597
486
641
271
534
456
2
184
886
711
657
845
83
424
286
415
187
210
246
244
341
126
122
213
904
941
479
191
57
197
405
808
549
288
231
710
16
230
602
431
308
132
64
537
341
424
385
636
238
343
803
309
74
921
99
677
52
76
809
14
428
146
940
916
452
584
631
134
826
928
13
335
849
663
898
819
814
661
463
100
879
863
726
490
826
643
185
41
237
208
718
768
335
209
209
23
865
871
286
256
434
141
322
334
619
997
892
433
974
537
476
375
543
431
593
501
868
348
416
936
72
429
589
147
423
775
940
735
518
557
817
949
766
947
201
808
448
736
774
766
401
145
582
128
417
693
489
522
396
404
359
929
728
577
471
216
381
700
772
567
893
817
227
494
683
907
923
974
209
296
880
905
972
996
858
936
387
133
178
716
170
102
596
881
739
232
663
64
162
707
343
609
679
732
453
607
168
29
613
636
48
868
692
901
390
395
870
543
854
987
416
929
254
619
936
967
434
255
260
163
791
79
381
944
229
920
166
69
709
711
748
586
451
97
89
590
766
239
525
822
534
417
269
752
842
581
18
344
873
401
74
264
364
72
868
141
209
563
541
401
890
554
243
342
143
627
238
590
510
1
438
762
767
734
540
159
753
613
998
285
255
647
610
334
202
913
144
265
784
787
768
991
283
865
462
993
499
940
513
229
428
460
276
397
788
756
936
735
787
762
696
729
878
728
898
243
545
61
772
122
56
833
568
502
19
397
105
662
801
772
665
960
390
898
924
845
46
526
414
731
412
355
310
1000
63
804
174
861
321
791
11
473
474
380
948
772
684
692
49
3
911
746
944
735
391
711
521
729
201
338
317
692
714
795
417
920
900
232
445
796
335
839
955
87
875
269
273
662
512
139
418
867
653
588
233
694
796
385
291
893
402
349
974
56
563
650
904
512
665
356
643
663
700
398
363
157
549
618
784
301
369
190
802
910
335
173
195
254
152
247
185
325
938
378
765
970
59
680
578
816
793
925
722
845
401
893
690
34
369
5
548
573
222
594
979
787
119
281
770
416
875
917
410
879
91
455
483
519
181
958
74
75
580
43
781
155
459
561
853
971
884
922
255
442
272
521
605
286
259
818
705
872
429
487
26
615
769
152
698
68
487
970
240
317
770
218
542
748
510
960
150
560
944
558
694
21
181
626
2
513
551
158
587
588
303
735
195
430
286
384
394
332
302
531
627
376
976
140
916
955
918
329
300
445
72
23
502
326
751
248
871
398
771
348
852
503
839
575
259
896
698
605
23
927
637
610
867
944
821
590
103
57
148
664
805
460
633
496
215
921
574
647
243
287
863
623
25
480
350
729
639
786
824
640
612
784
790
476
468
465
472
785
310
886
329
810
389
923
707
385
49
1000
826
638
402
257
336
826
625
28
678
977
176
224
162
201
164
848
208
996
429
146
933
398
190
644
657
361
133
26
690
754
197
840
860
931
837
934
8
355
903
216
54
859
368
407
467
629
811
127
216
89
406
332
722
170
134
809
16
306
164
759
924
753
870
453
874
596
520
515
216
568
520
479
926
673
758
979
44
138
142
768
432
834
358
141
557
187
201
312
262
986
151
327
490
228
7
934
744
379
362
229
386
115
538
336
785
252
212
866
124
923
699
565
34
231
632
248
717
725
83
358
308
851
146
52
112
382
781
586
273
41
524
111
532
381
549
432
164
228
131
143
312
523
298
678
873
530
639
340
234
781
45
545
166
811
768
261
573
277
347
624
250
254
122
135
400
373
586
588
287
942
302
92
207
621
445
648
915
268
704
128
550
381
439
975
433
670
188
845
278
101
985
381
307
372
125
696
199
415
937
123
348
472
463
883
974
176
335
381
805
267
101
178
477
68
913
624
11
55
646
89
818
611
962
797
528
189
465
155
392
118
742
865
26
355
936
283
93
957
720
29
890
693
533
96
910
349
642
998
533
799
707
792
429
170
846
365
252
374
927
156
180
689
931
